15 points sigma = 0

x = [1.95153325 0.2758843  2.91434732 0.18104053 2.14325811 1.42595717
 2.45496974 1.14732236 0.37605237 0.85486454 0.92612951 0.96490596
 2.93354244 2.25040872 0.99744711]

y = [-1.04611773  0.24845925  0.75037834  0.48965409 -0.836219   -1.24451766
 -0.33803279 -1.12561848  0.01325827 -0.83380024 -0.92067266 -0.96367437
  0.80504393 -0.68688676 -0.99744059]

15 points sigma = 0.05

x = [0.30673225 2.51980252 0.31653426 1.95639774 1.15322089 1.18444511
 0.48075261 0.57050997 2.15330705 2.83029764 0.994658   0.49489341
 2.80003686 2.53574855 1.69906257]

y = [ 0.16113782 -0.17722175  0.16712248 -1.06282288 -1.19374543 -1.13937641
 -0.24799727 -0.40423032 -0.80394958  0.46605737 -0.97537263 -0.28691574
  0.50542261 -0.24095411 -1.24942737]

15 points sigma = 0.2

x = [1.57865148 0.92121934 0.6763542  0.26308875 0.02542533 2.90609054
 1.37872838 1.89439953 2.66363288 0.92022203 2.71931766 2.47879355
 1.14625547 0.28661038 0.35536718]

y = [-1.10317025 -0.87094304 -0.56157241  0.26029447  0.80020062  0.84019001
 -1.34586733 -1.26309372 -0.08667282 -1.08814318  0.63052465 -0.20003354
 -0.97324746  0.17649793  0.08133255]

100 points sigma = 0

x = [1.66483252 1.47455415 1.44368662 1.46977209 2.77318098 0.07207924
 0.93081278 2.43600967 0.88525366 0.15453897 2.5938093  2.51200593
 1.59759251 1.52845371 2.64526834 0.51831669 0.45849664 2.43052294
 1.40580163 2.47852562 0.73286047 2.67057176 2.63636128 2.92027079
 0.49288599 0.15645261 1.33852882 0.17072591 1.40950554 2.74027185
 2.8167744  2.65223738 1.16408965 1.43979083 1.51714625 1.87578578
 1.37160115 2.58912112 1.00895367 1.26662263 1.58088203 0.44780508
 2.17647769 0.84267675 0.53549224 1.0333668  1.75226431 1.58784818
 2.60886158 0.05016352 2.26077531 2.03854586 2.90660687 1.04489327
 2.42882259 1.176474   1.5490642  0.48466635 1.93532752 0.68867943
 0.51871781 2.58871562 1.56441389 1.30187181 2.76347452 0.7467594
 2.44308224 1.26030042 0.9656086  1.83470488 1.13255449 2.45575833
 1.37769396 0.43878561 1.50770471 0.49136976 2.63633572 2.96339502
 0.97384146 0.38465414 0.99873426 1.61011814 0.68077462 1.26967225
 0.26137852 1.0588617  0.85377204 2.33021695 2.35349095 0.88709837
 1.53116627 0.40301942 2.9306257  0.48640646 0.81805437 1.26723643
 1.05526316 1.9502576  0.73168711 2.20862832]

y = [-1.22283024 -1.24935251 -1.2468288  -1.24908627  0.3709898   0.78895768
 -0.92602591 -0.3738859  -0.87208694  0.56026539 -0.05358121 -0.225844
 -1.2404757  -1.24919039  0.06163958 -0.28629788 -0.16527075 -0.38412706
 -1.24112667 -0.29248762 -0.66149694  0.12023825  0.04131695  0.76716912
 -0.23572136  0.5551196  -1.22392706  0.51696961 -1.24181075  0.28827425
  0.48389482  0.07765098 -1.13716424 -1.24637486 -1.24970601 -1.10878505
 -1.23351374 -0.06381519 -1.0088735  -1.195535   -1.2434581  -0.14288586
 -0.79237794 -0.81792615 -0.31972478 -1.03225345 -1.18636272 -1.2422827
 -0.02042601  0.85202581 -0.67122093 -0.95996836  0.72854289 -1.04287787
 -0.3872886  -1.14533093 -1.2475927  -0.21909757 -1.06048995 -0.59175894
 -0.28708526 -0.0646983  -1.24585085 -1.21074522  0.34636786 -0.68262861
 -0.3605959  -1.19254411 -0.96442583 -1.13797264 -1.1149838  -0.33652601
 -1.23504123 -0.12382401 -1.24994064 -0.23266505  0.04125887  0.89152499
 -0.97315719 -0.00600361 -0.99873266 -1.237874   -0.57886977 -1.19694913
  0.28418317 -1.055397   -0.83238942 -0.56073982 -0.52155321 -0.87435159
 -1.24902866 -0.0466336   0.79668988 -0.22262813 -0.78495016 -1.19582112
 -1.05220914 -1.04726809 -0.6596953  -0.7478459 ]

100 points sigma = 0.05

x = [1.61375452 1.0973489  1.57062768 2.7245112  1.4105459  1.8075451
 1.45637695 1.81442172 1.48031371 2.17105049 2.15625979 1.47070079
 0.11888673 2.4762321  1.76926523 0.15031884 0.56483565 1.65273453
 2.46634392 1.15063799 1.52410593 1.49504233 2.95971754 0.47433573
 0.5331045  2.65582002 1.51447418 0.03181325 2.37709679 1.99769586
 1.83311428 2.07488195 0.89510765 0.01633319 0.97956394 2.4832537
 2.19263364 1.22203386 1.27119181 1.22931178 2.92695625 0.507087
 2.8965046  0.18848027 0.54714501 1.63803821 0.35946673 0.4540372
 1.53057115 0.3004832  1.23227225 0.63586352 2.0890959  1.01417012
 0.49293248 0.52666975 2.42630206 2.54122015 1.49641183 2.70481447
 2.09326486 0.20386041 1.73987556 2.83124659 0.51947317 2.43461392
 0.91913258 1.52856282 0.46811435 0.08117801 0.16141592 1.86321804
 2.65019863 2.98472149 1.35112502 1.36938222 1.15397922 0.81876842
 0.78406264 1.72463283 1.18599391 1.34112509 2.23949997 2.90711675
 0.44749395 2.82580066 2.16164389 2.30885485 2.69324515 2.17726358
 2.94161323 0.23598394 1.28882145 1.57708739 2.20501132 0.73551999
 0.44347178 0.78327738 2.82490174 1.78551372]

y = [-1.23277424 -1.10790533 -1.2886023   0.35076953 -1.21152056 -1.12529051
 -1.22447963 -1.19703433 -1.19245205 -0.86578638 -0.8387866  -1.27375608
  0.68265768 -0.35129252 -1.2020095   0.59925754 -0.26744804 -1.17257484
 -0.30316738 -1.01180123 -1.21408412 -1.29552281  0.86142983 -0.25432379
 -0.25455371  0.09051663 -1.23365375  0.86013872 -0.55703745 -0.9704035
 -1.24007261 -0.89332423 -0.90887087  0.83258088 -0.91737438 -0.26722775
 -0.80767022 -1.21730798 -1.25974077 -1.20170166  0.85915191 -0.1981492
  0.70483577  0.52348197 -0.30662969 -1.32130527  0.05957527 -0.09540613
 -1.20680117  0.23452468 -1.14734634 -0.57090741 -0.86489017 -0.98582884
 -0.25309126 -0.37642748 -0.40062667 -0.09637253 -1.22075174  0.13845177
 -0.89893523  0.42161055 -1.22221917  0.5075342  -0.33915868 -0.27959509
 -0.89340592 -1.25403571 -0.08194397  0.82362466  0.49743192 -1.03626154
  0.17484315  0.96349149 -1.17506339 -1.20872703 -1.15148357 -0.81764142
 -0.71930819 -1.09763101 -1.13338582 -1.20449036 -0.67343613  0.77609732
 -0.13847585  0.46077734 -0.70796069 -0.61952419  0.16477544 -0.76202707
  0.84014417  0.31898793 -1.18920312 -1.2059751  -0.73354333 -0.63471827
 -0.05774409 -0.74264432  0.53387392 -1.10304452]

100 points sigma = 0.2

x = [1.01476003 2.19090635 2.2147623  0.24826673 2.12041077 1.00870495
 1.31307339 2.51478461 1.40288021 1.15465382 2.21695001 2.1127508
 1.7315826  2.53655961 2.69721487 2.5471325  2.85873792 0.04176438
 1.63866569 2.49223783 1.6105317  0.20717362 0.1435926  2.26866074
 1.08189181 1.72741955 2.20926977 1.75482993 2.13293433 2.46128702
 1.86756948 0.15377597 1.51107688 1.3298803  2.23649558 0.85965277
 0.94202335 0.12966618 1.16725916 1.37147689 0.85157048 1.18170322
 2.40366634 0.30232432 1.16861039 2.15717473 2.32281557 1.86537964
 2.72520228 2.73421399 0.68172835 1.16097358 1.37539145 2.54989218
 2.57925034 2.01445785 0.55152148 0.00695063 1.5311615  0.56378613
 2.80885437 0.55042337 1.28634488 0.43255559 0.37106644 0.09551856
 2.92407514 1.86996942 0.41005491 2.37660986 1.42931434 1.19736844
 1.5484477  1.60213522 2.05752687 1.52799808 0.12454059 2.23252946
 1.4668499  2.49927315 2.03096096 1.57371127 0.96361814 1.09796043
 2.99990485 0.5001632  0.02959266 1.16370269 1.98103827 1.57887088
 0.43728378 2.83505812 1.06859225 1.16861991 0.83814301 1.23629576
 2.60198895 2.82106629 2.20457891 2.54922687]

y = [-0.93216283 -0.89722033 -0.95690702  0.30475446 -0.78063147 -1.28006473
 -1.30572181 -0.3805978  -1.10414238 -1.23033548 -1.17618847 -0.80321567
 -1.20410111 -0.07371551 -0.12541864 -0.00602641  0.44011602  0.97089755
 -1.0192285  -0.32563121 -1.05798771  0.10427861  0.75136366 -0.57571347
 -0.87688079 -1.48729462 -0.80200587 -1.06845893 -0.56411264 -0.27762327
 -1.23100312  0.6198756  -1.47951165 -1.65675624 -0.77966588 -0.9445444
 -0.96316512  0.50782655 -1.43522098 -1.13410628 -0.89852475 -1.2497607
 -0.58095803  0.29281617 -1.27260541 -0.87252976 -0.02432928 -1.21245015
  0.0694057   0.45549356 -0.44716152 -1.10603589 -1.3585947   0.02941098
 -0.26424298 -0.79902688 -0.51654533  0.86311254 -1.25872929 -0.23675143
  0.09860483 -0.5521435  -1.31004303  0.01221467  0.14844625  0.93149811
  0.925308   -1.28685667  0.23455488 -0.31290169 -1.20987591 -1.30587413
 -1.1661968  -1.24278109 -1.29324228 -1.22695157  0.39370301 -0.8803087
 -0.98688997 -0.46584697 -0.74397172 -1.07119734 -1.35918731 -0.90725287
  0.98786657  0.04562474  1.12020035 -0.84309878 -1.32801244 -1.24460204
  0.1857329   0.59139323 -1.05009079 -1.01707276 -0.67819581 -1.25260729
  0.0226963   0.36012242 -0.91663447 -0.2700737 ]